Unit,Min Power (MW),Max Power (MW),Ramp-Down Limit (MW),Ramp-Up Limit (MW),Shutdown Ramp Limit (MW),Startup Ramp Limit (MW),Initial State,Bus,Always On,Minimum Uptime (h),Minimum Downtime (h),Price Min Power ($),Price Segment 1 ($/MW),Price Segment 2 ($/MW),Price Segment 3 ($/MW),Offer Segment 1 (MW),Offer Segment 2 (MW),Offer Segment 3 (MW),Startup Cost ($)
1,70.00,400.00,280.00,280.00,280.00,280.00,1,10,0,1,1,4756.70,29.33,31.23,34.51,110.00,110.00,110.00,9600.00
2,120.00,720.00,504.00,504.00,504.00,504.00,1,16,0,1,1,8974.73,42.55,46.65,57.95,200.00,200.00,200.00,13500.00
3,120.00,1080.00,756.00,756.00,756.00,756.00,1,17,0,4,4,7776.67,61.11,66.13,80.19,320.00,320.00,320.00,32400.00
4,120.00,2520.00,1764.00,1764.00,1764.00,1764.00,1,18,0,4,4,7733.12,33.66,37.11,39.91,800.00,800.00,800.00,30700.00
5,70.00,400.00,280.00,280.00,280.00,280.00,1,29,0,1,1,6276.05,53.69,57.05,65.53,110.00,110.00,110.00,2900.00
6,70.00,800.00,560.00,560.00,560.00,560.00,1,30,0,2,2,5875.38,30.29,32.43,39.52,243.33,243.33,243.33,19800.00
7,150.00,1000.00,700.00,700.00,700.00,700.00,1,31,0,4,4,10639.36,46.54,54.24,62.31,283.33,283.33,283.33,19200.00
8,70.00,200.00,140.00,140.00,140.00,140.00,1,41,0,4,4,5097.22,28.28,30.62,34.19,43.33,43.33,43.33,23600.00
9,70.00,410.00,287.00,287.00,287.00,287.00,1,42,0,2,2,5438.32,39.97,43.22,43.51,113.33,113.33,113.33,17700.00
10,70.00,410.00,287.00,287.00,287.00,287.00,1,43,0,2,2,5772.50,32.54,36.31,42.14,113.33,113.33,113.33,26700.00
11,70.00,410.00,287.00,287.00,287.00,287.00,1,44,0,4,4,5605.03,55.98,59.96,72.81,113.33,113.33,113.33,15500.00
12,39.14,42.20,29.54,29.54,29.54,29.54,1,45,0,1,1,2232.46,30.87,34.43,38.61,1.02,1.02,1.02,7100.00
13,145.00,650.00,455.00,455.00,455.00,455.00,1,63,0,1,1,10548.74,64.03,72.07,84.67,168.33,168.33,168.33,25500.00
14,145.00,450.00,315.00,315.00,315.00,315.00,1,64,0,1,1,10481.92,34.11,38.09,44.56,101.67,101.67,101.67,35800.00
15,220.00,750.00,525.00,525.00,525.00,525.00,1,67,0,2,2,18376.42,41.08,44.36,52.32,176.67,176.67,176.67,63000.00
16,140.00,225.00,157.50,157.50,157.50,157.50,1,83,0,1,1,11041.00,38.61,41.59,45.16,28.33,28.33,28.33,46100.00
17,140.00,225.00,157.50,157.50,157.50,157.50,1,84,0,4,4,6997.71,28.40,32.31,40.44,28.33,28.33,28.33,18500.00
18,40.00,120.00,84.00,84.00,84.00,84.00,1,85,0,1,1,2651.26,46.19,50.92,57.28,26.67,26.67,26.67,11800.00
19,40.00,120.00,84.00,84.00,84.00,84.00,1,86,0,2,2,3467.61,53.74,60.71,69.33,26.67,26.67,26.67,17500.00
20,80.00,120.00,84.00,84.00,84.00,84.00,1,93,0,4,4,5249.14,30.16,33.66,36.19,13.33,13.33,13.33,6600.00
21,50.00,110.00,77.00,77.00,77.00,77.00,1,95,0,4,4,3230.13,49.31,53.58,61.65,20.00,20.00,20.00,8400.00
22,83.26,87.60,61.32,61.32,61.32,61.32,1,97,0,4,4,6225.34,31.88,35.02,41.01,1.45,1.45,1.45,17400.00
23,160.00,400.00,280.00,280.00,280.00,280.00,1,103,0,1,1,16398.31,21.70,23.25,29.12,80.00,80.00,80.00,29200.00
24,140.00,225.00,157.50,157.50,157.50,157.50,1,104,0,2,2,8370.28,38.61,42.31,47.88,28.33,28.33,28.33,24500.00
25,160.00,430.00,301.00,301.00,301.00,301.00,1,105,0,4,4,10276.66,43.34,46.42,49.46,90.00,90.00,90.00,33200.00
26,80.00,250.00,175.00,175.00,175.00,175.00,1,109,0,1,1,5699.30,44.89,50.62,58.59,56.67,56.67,56.67,13800.00
27,80.00,250.00,175.00,175.00,175.00,175.00,1,110,0,4,4,5842.09,38.22,42.65,48.66,56.67,56.67,56.67,22300.00
28,40.00,360.00,252.00,252.00,252.00,252.00,1,111,0,1,1,3009.51,61.22,69.27,80.21,106.67,106.67,106.67,6700.00
29,20.00,110.00,77.00,77.00,77.00,77.00,1,123,0,4,4,1400.19,40.61,45.65,51.59,30.00,30.00,30.00,2300.00
30,45.00,125.00,87.50,87.50,87.50,87.50,1,124,0,1,1,3754.71,48.84,53.19,60.10,26.67,26.67,26.67,10100.00
31,70.00,860.00,602.00,602.00,602.00,602.00,1,125,0,4,4,4400.52,33.91,36.56,40.54,263.33,263.33,263.33,13300.00
32,70.00,690.00,483.00,483.00,483.00,483.00,1,127,0,1,1,4318.19,39.28,42.53,48.39,206.67,206.67,206.67,17800.00
33,70.00,1060.00,742.00,742.00,742.00,742.00,1,131,0,1,1,3240.84,45.44,51.38,62.22,330.00,330.00,330.00,8500.00
34,70.00,600.00,420.00,420.00,420.00,420.00,1,132,0,2,2,3597.47,43.24,48.06,54.23,176.67,176.67,176.67,10800.00
35,70.00,600.00,420.00,420.00,420.00,420.00,1,139,0,4,4,4297.47,23.17,25.55,30.48,176.67,176.67,176.67,14100.00
36,70.00,200.00,140.00,140.00,140.00,140.00,1,140,0,2,2,5292.10,45.27,50.94,57.73,43.33,43.33,43.33,12700.00
37,70.00,600.00,420.00,420.00,420.00,420.00,1,176,0,2,2,4013.85,58.59,62.79,72.71,176.67,176.67,176.67,14300.00
38,70.00,200.00,140.00,140.00,140.00,140.00,1,177,0,2,2,4983.88,34.52,37.74,41.54,43.33,43.33,43.33,14000.00
39,0.00,0.00,0.00,0.00,0.00,0.00,0,180,0,4,4,0.00,37.21,42.15,50.06,0.00,0.00,0.00,0.00
40,174.00,175.00,122.50,122.50,122.50,122.50,1,181,0,2,2,12759.22,39.79,42.17,47.90,0.33,0.33,0.33,31800.00
41,306.00,307.59,215.31,215.31,215.31,215.31,1,182,0,1,1,14200.18,37.12,39.88,46.51,0.53,0.53,0.53,84600.00
42,0.00,0.00,0.00,0.00,0.00,0.00,0,184,0,4,4,0.00,40.89,46.25,51.14,0.00,0.00,0.00,0.00
43,0.00,0.00,0.00,0.00,0.00,0.00,0,185,0,2,2,0.00,45.23,49.58,53.84,0.00,0.00,0.00,0.00
44,0.00,0.00,0.00,0.00,0.00,0.00,0,186,0,1,1,0.00,45.73,47.50,55.09,0.00,0.00,0.00,0.00
45,90.25,95.00,66.50,66.50,66.50,66.50,1,192,0,4,4,5137.91,22.40,24.06,28.82,1.58,1.58,1.58,16200.00
46,0.86,0.90,0.63,0.63,0.63,0.63,1,196,0,4,4,62.66,51.28,58.46,64.89,0.01,0.01,0.01,0.00
47,0.76,0.80,0.56,0.56,0.56,0.56,1,198,0,4,4,56.07,55.69,61.92,71.26,0.01,0.01,0.01,0.00
48,14.25,15.00,10.50,10.50,10.50,10.50,1,205,0,1,1,890.07,36.58,40.38,48.63,0.25,0.25,0.25,2100.00
49,10.45,11.00,7.70,7.70,7.70,7.70,1,213,0,1,1,766.12,39.90,43.35,48.48,0.18,0.18,0.18,2700.00
50,2.38,2.50,1.75,1.75,1.75,1.75,1,264,0,2,2,198.72,40.53,44.10,50.66,0.04,0.04,0.04,0.00
51,5.70,6.00,4.20,4.20,4.20,4.20,1,269,0,2,2,402.98,39.58,43.64,51.68,0.10,0.10,0.10,1400.00
52,66.50,70.00,49.00,49.00,49.00,49.00,1,277,0,4,4,4819.04,23.06,24.61,28.94,1.17,1.17,1.17,13900.00
53,57.00,60.00,42.00,42.00,42.00,42.00,1,278,0,1,1,3983.24,36.38,41.99,48.67,1.00,1.00,1.00,12100.00
54,57.00,60.00,42.00,42.00,42.00,42.00,1,279,0,1,1,4562.74,51.27,57.12,66.27,1.00,1.00,1.00,12700.00
55,114.00,120.00,84.00,84.00,84.00,84.00,1,281,0,1,1,9493.00,61.84,67.73,76.99,2.00,2.00,2.00,29500.00
56,38.00,40.00,28.00,28.00,28.00,28.00,1,282,0,2,2,2310.68,28.13,30.30,34.84,0.67,0.67,0.67,7600.00
57,2.38,2.50,1.75,1.75,1.75,1.75,1,289,0,4,4,129.73,43.34,46.62,56.50,0.04,0.04,0.04,0.00
58,1.90,2.00,1.40,1.40,1.40,1.40,1,294,0,2,2,133.42,29.72,34.34,38.08,0.03,0.03,0.03,0.00
59,1.43,1.50,1.05,1.05,1.05,1.05,1,314,0,4,4,110.94,38.32,42.22,48.00,0.02,0.02,0.02,0.00
60,41.80,44.00,30.80,30.80,30.80,30.80,1,328,0,1,1,2649.90,30.01,34.38,40.43,0.73,0.73,0.73,10700.00
61,41.80,44.00,30.80,30.80,30.80,30.80,1,329,0,4,4,3286.56,24.69,26.18,30.29,0.73,0.73,0.73,15000.00
62,41.80,44.00,30.80,30.80,30.80,30.80,1,330,0,1,1,2921.81,29.21,31.57,36.12,0.73,0.73,0.73,12500.00
63,40.85,43.00,30.10,30.10,30.10,30.10,1,331,0,2,2,2879.93,29.02,32.32,39.59,0.72,0.72,0.72,9400.00
64,1.43,1.50,1.05,1.05,1.05,1.05,1,334,0,4,4,109.68,44.05,48.57,52.25,0.02,0.02,0.02,0.00
65,70.00,200.00,140.00,140.00,140.00,140.00,1,346,0,1,1,5497.08,37.73,45.21,48.21,43.33,43.33,43.33,19300.00
66,10.00,10.00,7.00,7.00,7.00,7.00,1,347,0,2,2,604.41,25.57,27.96,33.44,0.00,0.00,0.00,1800.00
67,1.43,1.50,1.05,1.05,1.05,1.05,1,359,0,1,1,99.76,25.77,28.90,32.14,0.02,0.02,0.02,0.00
68,4.85,5.10,3.57,3.57,3.57,3.57,1,365,0,1,1,227.74,28.77,31.38,39.33,0.08,0.08,0.08,1000.00
69,7.60,8.00,5.60,5.60,5.60,5.60,1,382,0,4,4,482.41,42.16,46.51,51.51,0.13,0.13,0.13,2300.00
70,7.60,8.00,5.60,5.60,5.60,5.60,1,383,0,4,4,439.41,35.40,38.32,45.02,0.13,0.13,0.13,1600.00
71,5.70,6.00,4.20,4.20,4.20,4.20,1,385,0,1,1,323.04,43.33,49.11,56.28,0.10,0.10,0.10,0.00
72,4.28,4.50,3.15,3.15,3.15,3.15,1,390,0,4,4,345.59,37.45,41.05,44.33,0.07,0.07,0.07,1300.00
73,9.50,10.00,7.00,7.00,7.00,7.00,1,395,0,1,1,733.75,35.52,39.47,48.51,0.17,0.17,0.17,2900.00
74,2.85,3.00,2.10,2.10,2.10,2.10,1,404,0,4,4,219.17,27.39,30.77,35.39,0.05,0.05,0.05,0.00
75,3.04,3.20,2.24,2.24,2.24,2.24,1,426,0,4,4,243.25,51.65,57.50,68.72,0.05,0.05,0.05,0.00
76,0.95,1.00,0.70,0.70,0.70,0.70,1,444,0,2,2,61.72,33.79,37.47,42.24,0.02,0.02,0.02,0.00
77,4.28,4.50,3.15,3.15,3.15,3.15,1,451,0,1,1,272.97,32.01,35.20,38.96,0.07,0.07,0.07,1000.00
78,0.95,1.00,0.70,0.70,0.70,0.70,1,482,0,1,1,57.75,47.77,54.24,65.44,0.02,0.02,0.02,0.00
79,1.90,2.00,1.40,1.40,1.40,1.40,1,492,0,2,2,119.20,33.87,37.74,43.51,0.03,0.03,0.03,0.00
80,222.30,234.00,163.80,163.80,163.80,163.80,1,493,0,4,4,16056.50,43.16,47.97,54.13,3.90,3.90,3.90,47400.00
81,222.30,234.00,163.80,163.80,163.80,163.80,1,494,0,1,1,15675.08,48.38,53.45,61.72,3.90,3.90,3.90,61600.00
82,109.25,115.00,80.50,80.50,80.50,80.50,1,514,0,4,4,6382.69,29.66,32.14,34.71,1.92,1.92,1.92,22200.00
83,109.25,115.00,80.50,80.50,80.50,80.50,1,515,0,4,4,8539.75,44.34,48.15,58.88,1.92,1.92,1.92,18200.00
84,5.70,6.00,4.20,4.20,4.20,4.20,1,525,0,4,4,423.72,17.87,21.08,24.06,0.10,0.10,0.10,1500.00
85,5.70,6.00,4.20,4.20,4.20,4.20,1,536,0,1,1,456.61,47.58,53.48,60.82,0.10,0.10,0.10,1300.00
86,3.33,3.50,2.45,2.45,2.45,2.45,1,537,0,1,1,293.87,45.54,48.98,53.23,0.06,0.06,0.06,1300.00
87,2.57,2.70,1.89,1.89,1.89,1.89,1,556,0,4,4,154.26,43.39,46.52,54.55,0.04,0.04,0.04,0.00
88,1.52,1.60,1.12,1.12,1.12,1.12,1,580,0,2,2,119.33,33.11,35.51,39.34,0.03,0.03,0.03,0.00
89,2.57,2.70,1.89,1.89,1.89,1.89,1,584,0,4,4,176.52,31.84,34.31,38.59,0.04,0.04,0.04,0.00
90,3.80,4.00,2.80,2.80,2.80,2.80,1,585,0,4,4,300.67,36.68,39.09,45.96,0.07,0.07,0.07,1300.00
91,0.76,0.80,0.56,0.56,0.56,0.56,1,607,0,2,2,54.63,64.06,71.19,87.71,0.01,0.01,0.01,0.00
92,70.00,200.00,140.00,140.00,140.00,140.00,1,612,0,1,1,6418.62,26.39,27.98,32.99,43.33,43.33,43.33,24300.00
93,70.00,200.00,140.00,140.00,140.00,140.00,1,613,0,2,2,4819.55,33.30,36.02,38.35,43.33,43.33,43.33,15700.00
94,1.33,1.40,0.98,0.98,0.98,0.98,1,615,0,2,2,119.75,47.81,51.98,59.31,0.02,0.02,0.02,0.00
95,7.22,7.60,5.32,5.32,5.32,5.32,1,623,0,4,4,507.54,36.04,39.09,43.33,0.13,0.13,0.13,2200.00
96,9.12,9.60,6.72,6.72,6.72,6.72,1,639,0,2,2,710.93,38.19,41.98,50.98,0.16,0.16,0.16,3100.00
97,4.47,4.70,3.29,3.29,3.29,3.29,1,651,0,2,2,318.18,53.38,59.03,66.68,0.08,0.08,0.08,0.00
98,1.33,1.40,0.98,0.98,0.98,0.98,1,654,0,4,4,83.14,35.83,39.66,45.92,0.02,0.02,0.02,0.00
99,5.89,6.20,4.34,4.34,4.34,4.34,1,664,0,4,4,446.75,43.29,48.95,56.42,0.10,0.10,0.10,1100.00
100,2.57,2.70,1.89,1.89,1.89,1.89,1,670,0,2,2,183.82,32.67,36.99,44.31,0.04,0.04,0.04,0.00
101,0.95,1.00,0.70,0.70,0.70,0.70,1,674,0,4,4,51.63,41.38,46.40,55.08,0.02,0.02,0.02,0.00
102,70.00,202.00,141.40,141.40,141.40,141.40,1,688,0,4,4,4506.22,32.80,34.83,39.21,44.00,44.00,44.00,14900.00
103,1.33,1.40,0.98,0.98,0.98,0.98,1,692,0,2,2,92.67,59.28,62.91,78.39,0.02,0.02,0.02,0.00
104,3.61,3.80,2.66,2.66,2.66,2.66,1,699,0,2,2,219.16,36.84,40.80,45.59,0.06,0.06,0.06,0.00
105,1.14,1.20,0.84,0.84,0.84,0.84,1,712,0,2,2,74.30,21.31,23.62,26.96,0.02,0.02,0.02,0.00
106,6.56,6.90,4.83,4.83,4.83,4.83,1,730,0,2,2,456.82,35.71,38.93,44.07,0.11,0.11,0.11,0.00
107,1.05,1.10,0.77,0.77,0.77,0.77,1,732,0,4,4,85.00,39.82,44.23,50.02,0.02,0.02,0.02,0.00
108,3.90,4.10,2.87,2.87,2.87,2.87,1,735,0,2,2,311.26,22.80,24.92,27.04,0.07,0.07,0.07,1300.00
109,3.80,4.00,2.80,2.80,2.80,2.80,1,740,0,1,1,243.60,40.11,41.89,49.28,0.07,0.07,0.07,1000.00
110,127.30,134.00,93.80,93.80,93.80,93.80,1,744,0,2,2,10924.50,48.24,53.14,60.86,2.23,2.23,2.23,57600.00
111,10.00,80.00,56.00,56.00,56.00,56.00,1,754,0,2,2,647.13,35.11,39.05,45.69,23.33,23.33,23.33,2000.00
112,85.00,250.00,175.00,175.00,175.00,175.00,1,755,0,2,2,6338.45,58.32,66.88,76.57,55.00,55.00,55.00,22200.00
113,2.95,3.10,2.17,2.17,2.17,2.17,1,760,0,4,4,233.93,56.59,65.18,75.06,0.05,0.05,0.05,0.00
114,2.00,2.10,1.47,1.47,1.47,1.47,1,766,0,1,1,108.61,44.54,48.72,62.40,0.03,0.03,0.03,0.00
115,0.67,0.70,0.49,0.49,0.49,0.49,1,784,0,4,4,40.05,38.05,42.58,47.29,0.01,0.01,0.01,0.00
116,47.31,49.80,34.86,34.86,34.86,34.86,1,790,0,2,2,3121.12,30.23,33.35,37.51,0.83,0.83,0.83,8300.00
117,1.80,1.89,1.32,1.32,1.32,1.32,1,795,0,2,2,129.97,37.04,41.32,43.35,0.03,0.03,0.03,0.00
118,2.84,2.99,2.09,2.09,2.09,2.09,1,798,0,4,4,193.31,34.19,36.70,40.96,0.05,0.05,0.05,0.00
119,42.67,44.92,31.44,31.44,31.44,31.44,1,814,0,1,1,3272.43,39.80,42.29,54.27,0.75,0.75,0.75,7600.00
120,23.00,55.00,38.50,38.50,38.50,38.50,1,834,0,4,4,1230.73,39.62,44.12,53.94,10.67,10.67,10.67,5000.00
121,2.84,2.99,2.09,2.09,2.09,2.09,1,878,0,2,2,134.82,51.93,57.64,68.12,0.05,0.05,0.05,0.00
122,2.37,2.49,1.74,1.74,1.74,1.74,1,884,0,1,1,138.25,29.02,30.51,34.32,0.04,0.04,0.04,0.00
123,30.28,31.87,22.31,22.31,22.31,22.31,1,892,0,1,1,2226.67,33.67,37.46,44.04,0.53,0.53,0.53,10700.00
124,8.51,8.96,6.27,6.27,6.27,6.27,1,895,0,2,2,655.45,48.02,51.73,64.03,0.15,0.15,0.15,2800.00
125,3.50,3.68,2.58,2.58,2.58,2.58,1,901,0,2,2,235.39,39.35,43.07,47.43,0.06,0.06,0.06,0.00
126,4.35,4.58,3.21,3.21,3.21,3.21,1,910,0,1,1,298.45,38.46,42.70,50.56,0.08,0.08,0.08,0.00
127,280.00,370.00,259.00,259.00,259.00,259.00,1,911,0,4,4,19901.44,49.22,53.40,63.96,30.00,30.00,30.00,28600.00
128,280.00,370.00,259.00,259.00,259.00,259.00,1,912,0,2,2,17901.67,59.56,64.98,79.61,30.00,30.00,30.00,79200.00
129,15.13,15.93,11.15,11.15,11.15,11.15,1,914,0,2,2,996.00,43.80,48.80,54.27,0.27,0.27,0.27,3800.00
130,1.99,2.09,1.46,1.46,1.46,1.46,1,917,0,4,4,138.96,42.71,45.85,53.81,0.03,0.03,0.03,0.00
131,20.81,21.91,15.34,15.34,15.34,15.34,1,919,0,1,1,1201.96,28.73,32.60,40.28,0.37,0.37,0.37,4600.00
132,1.89,1.99,1.39,1.39,1.39,1.39,1,920,0,4,4,98.26,45.26,47.79,52.22,0.03,0.03,0.03,0.00
133,60.54,63.73,44.61,44.61,44.61,44.61,1,929,0,2,2,5227.47,45.90,49.44,56.86,1.06,1.06,1.06,20400.00
134,2.37,2.49,1.74,1.74,1.74,1.74,1,959,0,2,2,189.34,51.39,57.37,62.82,0.04,0.04,0.04,0.00
135,0.67,0.70,0.49,0.49,0.49,0.49,1,968,0,2,2,49.97,40.55,43.00,48.81,0.01,0.01,0.01,0.00
136,3.78,3.98,2.79,2.79,2.79,2.79,1,993,0,4,4,285.58,45.50,50.57,59.43,0.07,0.07,0.07,1000.00
137,1.89,1.99,1.39,1.39,1.39,1.39,1,994,0,1,1,157.00,41.60,45.57,52.40,0.03,0.03,0.03,0.00
138,20.00,100.00,70.00,70.00,70.00,70.00,1,995,0,4,4,1311.89,41.60,45.05,50.29,26.67,26.67,26.67,4800.00
139,20.00,50.00,35.00,35.00,35.00,35.00,1,996,0,1,1,1339.73,32.87,36.24,42.22,10.00,10.00,10.00,1700.00
140,20.00,50.00,35.00,35.00,35.00,35.00,1,997,0,2,2,1499.76,36.92,40.32,49.32,10.00,10.00,10.00,5800.00
141,4.07,4.28,3.00,3.00,3.00,3.00,1,1004,0,1,1,251.36,43.18,47.97,54.44,0.07,0.07,0.07,0.00
142,0.10,0.10,0.07,0.07,0.07,0.07,1,1024,0,1,1,8.32,64.59,71.97,79.19,0.00,0.00,0.00,0.00
143,23.66,24.90,17.43,17.43,17.43,17.43,1,1027,0,2,2,1776.38,31.21,34.77,40.32,0.41,0.41,0.41,7400.00
144,2.84,2.99,2.09,2.09,2.09,2.09,1,1028,0,1,1,180.24,48.51,53.46,56.98,0.05,0.05,0.05,0.00
145,23.66,24.90,17.43,17.43,17.43,17.43,1,1029,0,4,4,1700.44,42.06,45.95,51.79,0.41,0.41,0.41,7600.00
146,56.77,59.76,41.83,41.83,41.83,41.83,1,1053,0,2,2,3751.52,43.03,46.55,54.80,1.00,1.00,1.00,20200.00
147,28.39,29.88,20.92,20.92,20.92,20.92,1,1054,0,4,4,1910.00,37.74,41.68,45.46,0.50,0.50,0.50,3900.00
148,7.57,7.97,5.58,5.58,5.58,5.58,1,1105,0,4,4,528.60,59.05,64.19,72.49,0.13,0.13,0.13,1400.00
149,21.76,22.91,16.04,16.04,16.04,16.04,1,1106,0,1,1,1671.24,54.97,61.01,73.75,0.38,0.38,0.38,4000.00
150,10.03,10.56,7.39,7.39,7.39,7.39,1,1107,0,2,2,765.84,41.34,44.53,50.51,0.18,0.18,0.18,2100.00
151,42.58,44.82,31.37,31.37,31.37,31.37,1,1138,0,4,4,2658.19,34.96,38.38,47.17,0.75,0.75,0.75,8500.00
152,70.00,230.00,161.00,161.00,161.00,161.00,1,1140,0,4,4,5402.66,33.89,35.64,41.65,53.33,53.33,53.33,20900.00
153,70.00,225.00,157.50,157.50,157.50,157.50,1,1141,0,4,4,4687.01,40.46,45.93,49.22,51.67,51.67,51.67,12800.00
154,35.95,37.84,26.49,26.49,26.49,26.49,1,1175,0,4,4,1913.33,50.06,56.96,62.94,0.63,0.63,0.63,7900.00
155,40.00,120.00,84.00,84.00,84.00,84.00,1,1182,0,4,4,2970.79,49.31,54.89,64.91,26.67,26.67,26.67,8600.00
156,40.00,120.00,84.00,84.00,84.00,84.00,1,1183,0,2,2,2174.50,38.30,41.87,49.98,26.67,26.67,26.67,6400.00
157,40.00,120.00,84.00,84.00,84.00,84.00,1,1184,0,4,4,2653.00,34.04,38.18,44.42,26.67,26.67,26.67,8300.00
158,101.23,106.56,74.59,74.59,74.59,74.59,1,1191,0,1,1,8144.88,35.36,38.97,46.66,1.78,1.78,1.78,33200.00
159,80.00,250.00,175.00,175.00,175.00,175.00,1,1192,0,4,4,6575.96,27.46,28.92,33.47,56.67,56.67,56.67,22600.00
160,94.61,99.59,69.71,69.71,69.71,69.71,1,1201,0,1,1,6388.35,29.22,31.44,33.37,1.66,1.66,1.66,19500.00
161,94.61,99.59,69.71,69.71,69.71,69.71,1,1202,0,2,2,6228.90,33.92,37.38,44.09,1.66,1.66,1.66,16300.00
162,94.61,99.59,69.71,69.71,69.71,69.71,1,1203,0,1,1,6512.25,41.10,45.34,52.35,1.66,1.66,1.66,19800.00
163,49.20,51.79,36.25,36.25,36.25,36.25,1,1232,0,2,2,2536.36,39.23,42.68,50.47,0.86,0.86,0.86,8500.00
164,14.19,14.94,10.46,10.46,10.46,10.46,1,1233,0,4,4,1286.85,35.31,38.28,43.87,0.25,0.25,0.25,5900.00
165,17.97,18.92,13.24,13.24,13.24,13.24,1,1244,0,2,2,1118.28,42.67,47.73,56.80,0.32,0.32,0.32,3300.00
166,15.13,15.93,11.15,11.15,11.15,11.15,1,1247,0,2,2,1277.00,21.52,23.34,27.00,0.27,0.27,0.27,2800.00
167,187.33,197.19,138.03,138.03,138.03,138.03,1,1250,0,2,2,12905.99,29.20,32.80,36.90,3.29,3.29,3.29,36400.00
168,0.48,0.50,0.35,0.35,0.35,0.35,1,1268,0,4,4,39.49,40.03,44.78,51.21,0.01,0.01,0.01,0.00
169,0.95,1.00,0.70,0.70,0.70,0.70,1,1316,0,4,4,84.75,33.70,37.02,43.34,0.02,0.02,0.02,0.00
170,1.32,1.39,0.97,0.97,0.97,0.97,1,1325,0,4,4,102.25,29.04,33.61,39.67,0.02,0.02,0.02,0.00
171,1.42,1.49,1.04,1.04,1.04,1.04,1,1349,0,4,4,130.99,45.80,51.03,64.13,0.02,0.02,0.02,0.00
172,0.95,1.00,0.70,0.70,0.70,0.70,1,1356,0,4,4,60.05,43.32,49.27,58.98,0.02,0.02,0.02,0.00
173,0.76,0.80,0.56,0.56,0.56,0.56,1,1359,0,4,4,58.73,27.27,30.86,34.05,0.01,0.01,0.01,0.00
174,12.11,12.75,8.92,8.92,8.92,8.92,1,1393,0,4,4,742.50,33.27,35.96,41.13,0.21,0.21,0.21,1600.00
175,4.07,4.28,3.00,3.00,3.00,3.00,1,1403,0,4,4,235.50,34.89,38.09,44.19,0.07,0.07,0.07,0.00
176,80.00,371.00,259.70,259.70,259.70,259.70,1,1416,0,1,1,5223.50,25.11,26.52,30.74,97.00,97.00,97.00,18700.00
177,80.00,120.00,84.00,84.00,84.00,84.00,1,1417,0,1,1,4864.61,46.68,52.08,59.06,13.33,13.33,13.33,8700.00
178,5.00,20.00,14.00,14.00,14.00,14.00,1,1418,0,4,4,308.06,21.77,24.10,25.79,5.00,5.00,5.00,0.00
179,20.00,495.00,346.50,346.50,346.50,346.50,1,1426,0,2,2,1487.03,48.41,51.63,56.07,158.33,158.33,158.33,5200.00
180,0.19,0.20,0.14,0.14,0.14,0.14,1,1429,0,1,1,12.24,43.98,47.83,58.60,0.00,0.00,0.00,0.00
181,0.57,0.60,0.42,0.42,0.42,0.42,1,1469,0,4,4,36.67,30.02,33.11,39.16,0.01,0.01,0.01,0.00
182,1.99,2.09,1.46,1.46,1.46,1.46,1,1475,0,2,2,131.88,48.73,55.68,63.14,0.03,0.03,0.03,0.00
183,29.61,31.17,21.82,21.82,21.82,21.82,1,1504,0,4,4,1798.35,34.40,37.00,44.32,0.52,0.52,0.52,3900.00
184,46.36,48.80,34.16,34.16,34.16,34.16,1,1505,0,2,2,4058.87,43.31,46.97,54.63,0.81,0.81,0.81,10400.00
185,2.18,2.29,1.60,1.60,1.60,1.60,1,1514,0,4,4,178.97,29.82,32.26,37.36,0.04,0.04,0.04,0.00
186,0.29,0.30,0.21,0.21,0.21,0.21,1,1534,0,2,2,23.98,36.57,41.34,46.36,0.00,0.00,0.00,0.00
187,160.00,225.00,157.50,157.50,157.50,157.50,1,1536,0,2,2,9640.99,36.79,40.93,47.79,21.67,21.67,21.67,50300.00
188,160.00,225.00,157.50,157.50,157.50,157.50,1,1537,0,2,2,10184.47,35.91,38.26,46.13,21.67,21.67,21.67,35100.00
189,70.00,215.00,150.50,150.50,150.50,150.50,1,1538,0,2,2,4623.01,15.68,17.33,20.95,48.33,48.33,48.33,13400.00
190,8.51,8.96,6.27,6.27,6.27,6.27,1,1542,0,1,1,571.07,45.34,50.56,60.83,0.15,0.15,0.15,1400.00
191,1.14,1.20,0.84,0.84,0.84,0.84,1,1543,0,2,2,71.43,34.94,38.91,45.74,0.02,0.02,0.02,0.00
192,1.70,1.79,1.25,1.25,1.25,1.25,1,1550,0,1,1,106.62,35.32,39.06,43.09,0.03,0.03,0.03,0.00
193,52.03,54.77,38.34,38.34,38.34,38.34,1,1566,0,2,2,4078.51,31.96,35.25,39.57,0.91,0.91,0.91,14700.00
194,60.55,63.74,44.62,44.62,44.62,44.62,1,1587,0,4,4,4400.10,23.76,25.39,29.95,1.06,1.06,1.06,12400.00
195,16.56,17.43,12.20,12.20,12.20,12.20,1,1600,0,1,1,1278.63,38.94,39.96,48.92,0.29,0.29,0.29,2600.00
196,40.00,120.00,84.00,84.00,84.00,84.00,1,1602,0,2,2,3164.39,34.54,38.54,44.52,26.67,26.67,26.67,4000.00
197,40.00,120.00,84.00,84.00,84.00,84.00,1,1603,0,1,1,2391.64,60.13,66.33,77.16,26.67,26.67,26.67,7600.00
198,0.29,0.30,0.21,0.21,0.21,0.21,1,1609,0,1,1,16.20,34.56,39.14,45.02,0.00,0.00,0.00,0.00
199,1.90,2.00,1.40,1.40,1.40,1.40,1,1617,0,4,4,157.64,33.46,35.39,36.11,0.03,0.03,0.03,0.00
200,1.52,1.60,1.12,1.12,1.12,1.12,1,1620,0,2,2,110.23,35.04,39.50,42.35,0.03,0.03,0.03,0.00
201,1.52,1.60,1.12,1.12,1.12,1.12,1,1627,0,4,4,123.54,39.24,45.19,54.46,0.03,0.03,0.03,0.00
202,0.48,0.50,0.35,0.35,0.35,0.35,1,1630,0,1,1,30.87,52.09,56.98,67.11,0.01,0.01,0.01,0.00
203,0.10,0.10,0.07,0.07,0.07,0.07,1,1635,0,4,4,7.31,50.53,54.39,59.04,0.00,0.00,0.00,0.00
204,28.50,30.00,21.00,21.00,21.00,21.00,1,1638,0,4,4,1830.45,19.23,21.48,25.12,0.50,0.50,0.50,8400.00
205,142.50,150.00,105.00,105.00,105.00,105.00,1,1664,0,1,1,8309.70,41.78,45.28,48.18,2.50,2.50,2.50,40800.00
206,48.45,51.00,35.70,35.70,35.70,35.70,1,1669,0,2,2,2991.78,23.20,25.14,27.63,0.85,0.85,0.85,14200.00
207,47.50,50.00,35.00,35.00,35.00,35.00,1,1673,0,4,4,2068.91,45.00,50.09,57.73,0.83,0.83,0.83,5600.00
208,85.50,90.00,63.00,63.00,63.00,63.00,1,1674,0,2,2,5854.20,26.17,29.02,34.10,1.50,1.50,1.50,25100.00
209,2.85,3.00,2.10,2.10,2.10,2.10,1,1679,0,4,4,178.07,41.64,46.00,51.65,0.05,0.05,0.05,0.00
210,2.19,2.30,1.61,1.61,1.61,1.61,1,1683,0,4,4,150.40,27.35,30.68,34.50,0.04,0.04,0.04,0.00
211,2.85,3.00,2.10,2.10,2.10,2.10,1,1685,0,4,4,241.03,37.16,40.83,48.44,0.05,0.05,0.05,0.00
212,47.50,50.00,35.00,35.00,35.00,35.00,1,1686,0,4,4,3614.52,36.27,39.25,45.99,0.83,0.83,0.83,12300.00
213,2.66,2.80,1.96,1.96,1.96,1.96,1,1698,0,4,4,173.07,52.45,57.56,62.93,0.05,0.05,0.05,0.00
214,0.48,0.50,0.35,0.35,0.35,0.35,1,1700,0,1,1,39.55,17.63,18.89,23.07,0.01,0.01,0.01,0.00
215,14.25,15.00,10.50,10.50,10.50,10.50,1,1706,0,1,1,978.16,34.29,37.29,43.38,0.25,0.25,0.25,1800.00
216,2.85,3.00,2.10,2.10,2.10,2.10,1,1710,0,1,1,240.26,53.71,58.56,64.84,0.05,0.05,0.05,0.00
217,104.50,110.00,77.00,77.00,77.00,77.00,1,1712,0,4,4,6430.04,51.62,56.17,63.05,1.83,1.83,1.83,15800.00
218,2.00,2.10,1.47,1.47,1.47,1.47,1,1717,0,1,1,152.07,46.06,50.81,56.86,0.03,0.03,0.03,0.00
219,1.71,1.80,1.26,1.26,1.26,1.26,1,1719,0,4,4,141.31,42.65,47.08,56.59,0.03,0.03,0.03,0.00
220,3.33,3.50,2.45,2.45,2.45,2.45,1,1726,0,2,2,224.59,43.52,48.36,53.41,0.06,0.06,0.06,1100.00
221,2.57,2.70,1.89,1.89,1.89,1.89,1,1728,0,4,4,168.45,44.82,49.45,58.18,0.04,0.04,0.04,0.00
222,1.33,1.40,0.98,0.98,0.98,0.98,1,1730,0,1,1,99.33,39.16,43.32,49.80,0.02,0.02,0.02,0.00
223,0.76,0.80,0.56,0.56,0.56,0.56,1,1734,0,2,2,45.89,35.02,37.70,41.23,0.01,0.01,0.01,0.00
224,4.75,5.00,3.50,3.50,3.50,3.50,1,1735,0,1,1,245.84,32.79,36.89,43.47,0.08,0.08,0.08,1000.00
225,2.85,3.00,2.10,2.10,2.10,2.10,1,1739,0,4,4,217.32,38.35,41.68,46.13,0.05,0.05,0.05,0.00
226,0.38,0.40,0.28,0.28,0.28,0.28,1,1742,0,1,1,30.49,35.97,38.77,41.96,0.01,0.01,0.01,0.00
227,5.70,6.00,4.20,4.20,4.20,4.20,1,1749,0,4,4,462.12,32.88,37.67,43.21,0.10,0.10,0.10,1200.00
228,1.62,1.70,1.19,1.19,1.19,1.19,1,1758,0,4,4,114.87,41.25,44.42,50.84,0.03,0.03,0.03,0.00
229,20.00,55.00,38.50,38.50,38.50,38.50,1,1760,0,1,1,1329.98,38.86,43.43,53.53,11.67,11.67,11.67,3200.00
230,30.00,78.00,54.60,54.60,54.60,54.60,1,1761,0,4,4,2165.39,26.47,28.53,30.88,16.00,16.00,16.00,7000.00
231,20.00,50.00,35.00,35.00,35.00,35.00,1,1763,0,1,1,1221.04,31.69,36.68,41.18,10.00,10.00,10.00,4800.00
232,20.00,50.00,35.00,35.00,35.00,35.00,1,1764,0,4,4,1051.70,43.65,47.12,56.52,10.00,10.00,10.00,3900.00
233,3.80,4.00,2.80,2.80,2.80,2.80,1,1768,0,2,2,226.01,34.55,38.45,48.45,0.07,0.07,0.07,0.00
234,3.14,3.30,2.31,2.31,2.31,2.31,1,1788,0,2,2,264.91,49.78,55.53,65.05,0.05,0.05,0.05,1100.00
235,2.85,3.00,2.10,2.10,2.10,2.10,1,1793,0,4,4,183.08,37.44,42.58,49.59,0.05,0.05,0.05,0.00
236,1.43,1.50,1.05,1.05,1.05,1.05,1,1799,0,1,1,65.49,45.11,51.81,61.17,0.02,0.02,0.02,0.00
237,2.47,2.60,1.82,1.82,1.82,1.82,1,1807,0,4,4,146.66,47.20,52.56,59.10,0.04,0.04,0.04,0.00
238,1.14,1.20,0.84,0.84,0.84,0.84,1,1844,0,4,4,82.51,43.81,48.75,54.30,0.02,0.02,0.02,0.00
239,1.14,1.20,0.84,0.84,0.84,0.84,1,1845,0,4,4,79.81,50.03,57.11,70.51,0.02,0.02,0.02,0.00
240,1.14,1.20,0.84,0.84,0.84,0.84,1,1870,0,1,1,80.54,16.84,18.02,20.45,0.02,0.02,0.02,0.00
241,0.57,0.60,0.42,0.42,0.42,0.42,1,1871,0,2,2,32.11,44.57,49.13,60.36,0.01,0.01,0.01,0.00
242,3.80,4.00,2.80,2.80,2.80,2.80,1,1874,0,2,2,264.85,39.74,43.18,50.65,0.07,0.07,0.07,1200.00
243,0.48,0.50,0.35,0.35,0.35,0.35,1,1875,0,2,2,38.11,6.01,6.40,7.14,0.01,0.01,0.01,0.00
244,70.00,200.00,140.00,140.00,140.00,140.00,1,1882,0,1,1,4450.29,30.25,33.42,36.53,43.33,43.33,43.33,14300.00
245,70.00,200.00,140.00,140.00,140.00,140.00,1,1883,0,1,1,5628.13,33.15,36.09,39.29,43.33,43.33,43.33,16200.00
246,1.43,1.50,1.05,1.05,1.05,1.05,1,1894,0,1,1,84.61,33.54,36.46,39.82,0.02,0.02,0.02,0.00
247,0.29,0.30,0.21,0.21,0.21,0.21,1,1895,0,2,2,21.54,39.69,43.56,49.40,0.00,0.00,0.00,0.00
248,16.15,17.00,11.90,11.90,11.90,11.90,1,1904,0,4,4,1092.35,29.88,33.10,39.87,0.28,0.28,0.28,2700.00
249,5.70,6.00,4.20,4.20,4.20,4.20,1,1918,0,1,1,435.58,38.77,43.23,47.76,0.10,0.10,0.10,0.00
250,48.17,50.70,35.49,35.49,35.49,35.49,1,1921,0,4,4,3212.14,35.61,37.84,42.64,0.84,0.84,0.84,8400.00
251,2.38,2.50,1.75,1.75,1.75,1.75,1,1932,0,4,4,199.78,52.14,57.21,64.32,0.04,0.04,0.04,0.00
252,1.90,2.00,1.40,1.40,1.40,1.40,1,1940,0,4,4,112.54,33.62,37.18,45.76,0.03,0.03,0.03,0.00
253,5.70,6.00,4.20,4.20,4.20,4.20,1,1947,0,4,4,388.03,36.26,39.36,43.66,0.10,0.10,0.10,0.00
254,1.43,1.50,1.05,1.05,1.05,1.05,1,1960,0,1,1,87.64,39.47,43.18,50.19,0.02,0.02,0.02,0.00
255,0.57,0.60,0.42,0.42,0.42,0.42,1,1961,0,4,4,42.30,38.95,43.08,46.72,0.01,0.01,0.01,0.00
256,0.57,0.60,0.42,0.42,0.42,0.42,1,1962,0,1,1,32.99,43.94,48.47,56.68,0.01,0.01,0.01,0.00
257,0.48,0.50,0.35,0.35,0.35,0.35,1,1964,0,2,2,32.36,38.68,43.56,53.56,0.01,0.01,0.01,0.00
258,2.76,2.90,2.03,2.03,2.03,2.03,1,1966,0,4,4,177.15,34.71,37.94,45.28,0.05,0.05,0.05,0.00
259,1.90,2.00,1.40,1.40,1.40,1.40,1,1970,0,4,4,109.05,43.04,46.77,54.57,0.03,0.03,0.03,0.00
260,3.33,3.50,2.45,2.45,2.45,2.45,1,1974,0,1,1,248.57,31.10,33.97,40.17,0.06,0.06,0.06,0.00
261,2.66,2.80,1.96,1.96,1.96,1.96,1,1976,0,1,1,157.73,38.27,41.94,47.85,0.05,0.05,0.05,0.00
262,2.85,3.00,2.10,2.10,2.10,2.10,1,1977,0,1,1,222.42,46.43,49.82,58.54,0.05,0.05,0.05,0.00
263,2.47,2.60,1.82,1.82,1.82,1.82,1,1993,0,2,2,169.03,27.46,30.69,37.39,0.04,0.04,0.04,0.00
264,19.95,21.00,14.70,14.70,14.70,14.70,1,1995,0,2,2,1797.57,41.17,46.85,55.97,0.35,0.35,0.35,6200.00
265,0.19,0.20,0.14,0.14,0.14,0.14,1,1996,0,4,4,11.61,48.67,53.89,63.72,0.00,0.00,0.00,0.00
266,0.38,0.40,0.28,0.28,0.28,0.28,1,1998,0,1,1,22.88,50.79,55.00,61.69,0.01,0.01,0.01,0.00
267,190.00,200.00,140.00,140.00,140.00,140.00,1,2010,0,2,2,12792.29,36.03,38.78,43.47,3.33,3.33,3.33,50700.00
268,79.23,83.40,58.38,58.38,58.38,58.38,1,2021,0,4,4,5929.05,54.88,60.92,67.77,1.39,1.39,1.39,18400.00
269,76.95,81.00,56.70,56.70,56.70,56.70,1,2022,0,4,4,5078.44,45.58,49.99,60.18,1.35,1.35,1.35,8900.00
270,23.75,25.00,17.50,17.50,17.50,17.50,1,2026,0,1,1,1769.35,46.14,51.21,57.30,0.42,0.42,0.42,4400.00
271,11.40,12.00,8.40,8.40,8.40,8.40,1,2027,0,2,2,843.55,44.28,48.86,60.78,0.20,0.20,0.20,3300.00
272,5.32,5.60,3.92,3.92,3.92,3.92,1,2033,0,2,2,364.34,37.28,40.76,49.44,0.09,0.09,0.09,0.00
273,0.48,0.50,0.35,0.35,0.35,0.35,1,2034,0,4,4,21.32,47.39,51.59,60.13,0.01,0.01,0.01,0.00
274,0.38,0.40,0.28,0.28,0.28,0.28,1,2036,0,4,4,27.21,34.92,39.07,45.14,0.01,0.01,0.01,0.00
275,0.95,1.00,0.70,0.70,0.70,0.70,1,2046,0,1,1,67.23,53.15,57.78,67.16,0.02,0.02,0.02,0.00
276,0.29,0.30,0.21,0.21,0.21,0.21,1,2085,0,1,1,19.44,44.46,48.25,52.12,0.00,0.00,0.00,0.00
277,0.48,0.50,0.35,0.35,0.35,0.35,1,2088,0,4,4,27.39,45.73,51.33,57.31,0.01,0.01,0.01,0.00
278,17.10,18.00,12.60,12.60,12.60,12.60,1,2099,0,2,2,1045.63,41.93,45.10,50.59,0.30,0.30,0.30,5000.00
279,0.95,1.00,0.70,0.70,0.70,0.70,1,2106,0,4,4,64.72,44.43,50.92,57.59,0.02,0.02,0.02,0.00
280,2.85,3.00,2.10,2.10,2.10,2.10,1,2107,0,2,2,185.43,52.80,58.28,64.26,0.05,0.05,0.05,0.00
281,0.57,0.60,0.42,0.42,0.42,0.42,1,2108,0,2,2,39.24,45.75,50.01,54.85,0.01,0.01,0.01,0.00
282,2.28,2.40,1.68,1.68,1.68,1.68,1,2115,0,2,2,151.60,44.34,46.80,50.70,0.04,0.04,0.04,0.00
283,104.50,110.00,77.00,77.00,77.00,77.00,1,2119,0,1,1,7361.71,32.34,36.37,40.03,1.83,1.83,1.83,19900.00
284,0.95,1.00,0.70,0.70,0.70,0.70,1,2121,0,4,4,57.97,27.63,29.79,33.69,0.02,0.02,0.02,0.00
285,2.09,2.20,1.54,1.54,1.54,1.54,1,2127,0,1,1,164.92,34.63,37.21,44.21,0.04,0.04,0.04,0.00
286,47.50,50.00,35.00,35.00,35.00,35.00,1,2138,0,2,2,2778.19,58.55,63.80,73.56,0.83,0.83,0.83,8900.00
287,38.00,40.00,28.00,28.00,28.00,28.00,1,2139,0,4,4,1667.32,30.80,35.01,41.34,0.67,0.67,0.67,3100.00
288,7.32,7.70,5.39,5.39,5.39,5.39,1,2140,0,2,2,595.94,38.92,41.83,47.09,0.13,0.13,0.13,2000.00
289,0.67,0.70,0.49,0.49,0.49,0.49,1,2153,0,2,2,41.09,41.52,44.74,50.82,0.01,0.01,0.01,0.00
290,11.40,12.00,8.40,8.40,8.40,8.40,1,2159,0,1,1,841.73,49.43,55.30,64.72,0.20,0.20,0.20,1400.00
291,3.90,4.10,2.87,2.87,2.87,2.87,1,2164,0,4,4,255.96,29.05,31.60,37.96,0.07,0.07,0.07,1000.00
292,85.50,90.00,63.00,63.00,63.00,63.00,1,2167,0,2,2,6282.10,38.56,41.91,48.73,1.50,1.50,1.50,11000.00
293,47.50,50.00,35.00,35.00,35.00,35.00,1,2168,0,2,2,2740.66,59.56,64.47,74.42,0.83,0.83,0.83,0.00
294,6.18,6.50,4.55,4.55,4.55,4.55,1,2171,0,4,4,467.89,37.09,41.13,47.44,0.11,0.11,0.11,1700.00
295,9.50,10.00,7.00,7.00,7.00,7.00,1,2194,0,4,4,670.71,41.05,45.22,50.71,0.17,0.17,0.17,2800.00
296,25.65,27.00,18.90,18.90,18.90,18.90,1,2197,0,1,1,1737.65,41.40,44.58,54.01,0.45,0.45,0.45,5900.00
297,24.70,26.00,18.20,18.20,18.20,18.20,1,2204,0,4,4,2062.38,37.16,41.66,45.90,0.43,0.43,0.43,5300.00
298,2.47,2.60,1.82,1.82,1.82,1.82,1,2213,0,4,4,206.25,32.92,36.23,44.43,0.04,0.04,0.04,1100.00
299,3.80,4.00,2.80,2.80,2.80,2.80,1,2217,0,2,2,251.31,64.63,72.46,86.33,0.07,0.07,0.07,0.00
300,1.43,1.50,1.05,1.05,1.05,1.05,1,2218,0,2,2,112.48,42.17,48.34,57.80,0.02,0.02,0.02,0.00
301,46.55,49.00,34.30,34.30,34.30,34.30,1,2221,0,4,4,4071.84,39.89,43.90,50.21,0.82,0.82,0.82,9400.00
302,1.52,1.60,1.12,1.12,1.12,1.12,1,2225,0,1,1,84.96,39.94,42.57,50.31,0.03,0.03,0.03,0.00
303,2.57,2.70,1.89,1.89,1.89,1.89,1,2234,0,2,2,170.18,44.90,50.39,54.09,0.04,0.04,0.04,0.00
304,15.68,16.50,11.55,11.55,11.55,11.55,1,2237,0,2,2,1043.38,37.23,40.97,44.47,0.27,0.27,0.27,3200.00
305,1.90,2.00,1.40,1.40,1.40,1.40,1,2248,0,2,2,140.22,32.93,36.16,40.63,0.03,0.03,0.03,0.00
306,1.71,1.80,1.26,1.26,1.26,1.26,1,2268,0,1,1,122.93,34.40,37.80,41.33,0.03,0.03,0.03,0.00
307,2.28,2.40,1.68,1.68,1.68,1.68,1,2271,0,1,1,189.77,67.36,76.18,85.70,0.04,0.04,0.04,0.00
308,9.50,10.00,7.00,7.00,7.00,7.00,1,2272,0,1,1,449.86,49.27,53.66,59.75,0.17,0.17,0.17,1300.00
309,5.99,6.30,4.41,4.41,4.41,4.41,1,2273,0,1,1,364.49,55.14,62.57,70.13,0.10,0.10,0.10,1300.00
310,1.43,1.50,1.05,1.05,1.05,1.05,1,2278,0,1,1,93.25,45.39,50.86,59.33,0.02,0.02,0.02,0.00
311,0.19,0.20,0.14,0.14,0.14,0.14,1,2290,0,2,2,15.29,52.74,57.69,63.96,0.00,0.00,0.00,0.00
312,2.38,2.50,1.75,1.75,1.75,1.75,1,2293,0,2,2,188.59,46.68,51.70,58.07,0.04,0.04,0.04,0.00
313,0.95,1.00,0.70,0.70,0.70,0.70,1,2294,0,4,4,65.42,30.31,33.75,37.86,0.02,0.02,0.02,0.00
314,12.83,13.50,9.45,9.45,9.45,9.45,1,2296,0,1,1,950.16,56.76,61.10,73.07,0.22,0.22,0.22,2300.00
315,0.38,0.40,0.28,0.28,0.28,0.28,1,2298,0,2,2,27.70,31.82,33.99,38.95,0.01,0.01,0.01,0.00
316,0.38,0.40,0.28,0.28,0.28,0.28,1,2307,0,2,2,24.95,40.50,45.50,51.69,0.01,0.01,0.01,0.00
317,1.05,1.10,0.77,0.77,0.77,0.77,1,2323,0,4,4,77.27,59.51,64.39,73.63,0.02,0.02,0.02,0.00
318,2.85,3.00,2.10,2.10,2.10,2.10,1,2328,0,1,1,188.44,72.60,76.97,83.14,0.05,0.05,0.05,0.00
319,0.29,0.30,0.21,0.21,0.21,0.21,1,2330,0,1,1,26.47,49.63,54.13,61.59,0.00,0.00,0.00,0.00
320,52.25,55.00,38.50,38.50,38.50,38.50,1,2336,0,4,4,4394.02,52.01,55.96,66.68,0.92,0.92,0.92,13900.00
321,16.15,17.00,11.90,11.90,11.90,11.90,1,2339,0,2,2,1113.47,21.48,24.05,27.95,0.28,0.28,0.28,1000.00
322,48.45,51.00,35.70,35.70,35.70,35.70,1,2361,0,1,1,3730.86,64.07,67.91,74.99,0.85,0.85,0.85,11900.00
323,35.15,37.00,25.90,25.90,25.90,25.90,1,2372,0,4,4,3196.14,48.41,53.91,56.00,0.62,0.62,0.62,10000.00
324,1.90,2.00,1.40,1.40,1.40,1.40,1,2376,0,4,4,130.40,32.51,36.51,40.78,0.03,0.03,0.03,0.00
325,6.65,7.00,4.90,4.90,4.90,4.90,1,2379,0,4,4,403.62,10.10,10.74,12.18,0.12,0.12,0.12,1400.00
326,47.50,50.00,35.00,35.00,35.00,35.00,1,2380,0,1,1,3480.56,27.05,29.48,34.64,0.83,0.83,0.83,4700.00
327,47.50,50.00,35.00,35.00,35.00,35.00,1,2381,0,4,4,3943.93,23.10,26.23,30.66,0.83,0.83,0.83,20300.00
